0.0 1.0604101630383336 1.0 0.5243120129151396 0.7912761078507781 1.3720622849490172 1.0798017169080953 1.3965960624112816 2.595622042087552 1.8352366699449658 2.4950496430495672 2.797428572243607 2.7062820423822664 2.9734670837352395 3.219043432221442 3.108201876865422 3.1904159930071616 2.9070664544153915 3.1254934277724304 3.2930341384400283 4.115650544428048 4.268596809204647 5.100421866364887 4.714481174152398 4.595572764117008 4.74837227151691 4.819032745304013 4.84427535241058 4.597284369769892 4.106651016994859 4.062009635653343 4.044722066884701 4.7081443146810225 3.852255315756296 4.17721735193299 3.8854190103005637 4.256891466661183 3.77214836561271 3.315076361117564 3.0190742202271315 2.2517261134912445 2.6984035909087196 2.281161502196027 2.2149327921584487 2.8995856652747913 2.444558882808115 2.5434099384083595 1.9614516711119832 1.9833417438842595 1.0 1.0 8.27088947351729 8.640460168695913 8.670181184918285 8.206879856797528 8.255293452460046 6.3719717888324725 9.052475302931963 6.221708513043654 7.225299416723878 8.305290834717228 6.251643462216088 6.265454017773035 5.758233370201226 5.036191359957877 6.192863070958113 4.919644745725131 5.200653053992584 5.4855432174789405 5.1988139128302 4.9998709506174555 5.943726796476804 6.817026281992813 5.057220825689159 4.947510293272294 5.261687569340694 5.366555797188615 4.696443911327634 4.622364926903217 4.024847963179831 6.084214012392578 3.438404991037314 4.745081603830265 3.8277212083903938 2.3896857425818108 2.26412318886185 2.069512865964584 2.404869117527928 1.953444677928698 2.2764820160552013 2.192441753136915 1.578894056766327 1.4634947640171612 1.4588899159828146 1.7068155300525687 0.945634750255856 1.1201926279250263 1.3131189314388092 0.7862818749690099 0.05830668641515213 0.5296939188279814 0.3335316246629732 1.2091289169680512 1.8486051890177797 1.5395837354372983 2.084897972567538 2.3860535226267383 2.096203243926899 2.8201993220287496 2.4843952930623336 2.4322458274637206 3.891711510363644 2.9663530341969104 4.514795857685511 3.608987337237186 4.065106158904401 4.7297328787980994 3.6538723224171665 4.566586257088369 6.106094730920442 5.316808076964385 5.047977498070674 5.383184382648411 5.512302577137955 4.711340562752434 5.277733292025819 6.140620919613251 6.063822857840077 4.680132097526097 4.674852718381471 5.406310926683589 5.177605342079982 7.096992972714478 6.361316635668904 5.942932728438633 6.788634664646369 7.2029570712584325 6.936423872128099 10.02234885370393 7.274171698494299 6.561187220282729 6.507671769378208 6.915960435345698 8.58888408774441 9.096967171118104 9.069685863231397 6.370810335582382 8.889638977338347 10.874212449869793 8.30375793034385 9.335324982911263 6.664358718534162 
1.0604101630383336 0.0 1.2239189340260292 0.6732445277879613 1.742550021604985 1.6611120640228692 1.6338767586354719 1.7842836674932778 2.934919576486574 2.16320746008763 2.799280566346464 3.0351716375475988 2.905558519187755 3.2473861975792206 3.2593707916468744 3.2163792629702384 3.326354681884462 2.9594202435178496 3.0818942290437996 3.2079369626209218 4.055763443058666 4.129401053523551 4.838372330797749 4.523478899772036 4.374137291528032 4.446421636944624 4.529536427082181 4.554902485490639 4.2359691137311115 3.770485566967793 3.7080198135430487 3.6247707636548325 4.086350595392359 3.3995918340716518 3.6800932017239534 3.3451486523526675 3.634258152043877 3.1786360202514743 2.775724391555379 2.5079635585066993 1.7999934868113514 2.1902770515244443 1.5666494755273803 1.62452922988081 2.191886269316288 1.5877979327632818 1.7399654187745444 1.2560803860495726 1.0 0.5357599770744166 0.6912705323509045 8.548054986069355 8.99013430679659 9.021572108425296 8.554441074433916 8.615011859865119 6.731968990014785 9.454409014005641 6.567099524655754 7.61144857286707 8.737241731937715 6.6169461699134615 6.685778522303087 6.2008429941409196 5.422319034962815 6.6374415252068015 5.298137024613639 5.608744046441312 6.0464150118971665 5.714650087871905 5.4997368558740645 6.565725949423455 7.559037997426265 5.580304414897523 5.586001129681599 5.923114655029178 6.065179191549979 5.356319998160039 5.345938052723858 4.653026480071054 6.9905526037548675 4.019537448544758 5.490103052273674 4.518248824244685 2.9714639398944174 2.8130522724586866 2.5914858030988794 3.1727066586854984 2.50473791737109 3.0885203085418627 3.066830306038691 2.4511630497249133 2.4583414276225333 2.310894604337549 2.693587105143643 1.9557482340718906 2.1829796258150176 2.3548235216486826 1.1343533724750445 1.0105520080197892 0.8724822621798458 1.0 0.6250232258502808 0.9411066428395733 0.6611298822369756 1.4911284344603275 1.9154590794514805 1.4032548793928317 2.1554003439841867 1.9528127576758254 1.7450340263118949 3.3273206927112775 2.479739995221039 3.996559148045207 3.0142633134958277 3.5848329601441713 4.259752458766965 3.2915805974300483 4.007558967942792 5.619118981921659 4.8288708804481395 4.719674917312368 5.036718559295307 5.124915569305134 4.442357036038064 4.947214370183523 5.865527622408763 5.866505735579335 4.494679654919567 4.5268107172109655 5.218849187604464 4.990611961734893 7.026217010906493 6.275535491812035 5.878209106033592 6.675898775278435 7.060011007846273 6.91595350987354 9.929343070193767 7.235609723993067 6.554478401803338 6.5204582636789645 6.958646759482356 8.726139886675119 9.246652410102891 9.219171979978967 6.489374846809293 9.075875528042506 11.141560614127407 8.570383479236144 9.566555024716552 6.926011976495268 
1.0 1.2239189340260292 0.0 0.7122692567600006 0.977916931023035 1.0 0.7189032676504258 1.0139178695786961 2.030911508950041 1.4118318157114937 1.948780007247906 2.30051923876605 2.130114614269396 2.4411549504587713 2.625985297620456 2.477889036504205 2.6894635498621113 2.5044155432482675 2.5679998853187254 2.708708850698358 3.4841624476848936 3.658858751625748 4.367486079056682 4.0339655869132365 3.9336684270961406 4.064222517958851 4.2001898122428125 4.246593578219509 3.9737830340333518 3.6361512333201738 3.5829174605397482 3.622453274089859 4.173720773432927 3.383241004616424 3.7615173858865028 3.4596004272577825 3.7885460488678717 3.390559001596045 2.9555458344550316 2.7843537333010526 2.165835232095819 2.520841461129758 2.1483056579937494 2.1771056606756223 2.7742048776226813 2.4511674517442383 2.503092330323645 1.795276356545793 2.077019702727079 0.667019879923304 1.6467830813371258 9.01114707709525 9.442754083488843 9.446824362114794 9.014005314650678 8.986521156942855 7.019471289258194 9.885491593543888 6.85993231466501 7.9079682272172604 9.094248601546209 6.885745429353717 6.841618058598071 6.36541840671543 5.5307845655719765 6.811810742593001 5.367936184807861 5.6998739786479895 6.012984039572874 5.787203430359042 5.465038726462483 6.554523430371828 7.496076470342343 5.616371579945725 5.48469994348777 5.876430525707276 5.933286876695273 5.274703441878873 5.09591646999625 4.415211805077602 6.746197511294835 3.9180998611255387 5.237515340269353 4.308973598660539 2.7469296373912697 2.576710319817093 2.291802443435635 2.895090893357703 2.157071896451784 2.6080536214129246 2.5061536400232116 2.1272950261197474 1.9422830986440414 2.011997816778495 2.175312694601841 1.2305957864863555 1.69352527952129 1.6281123710757923 1.4494822663587663 0.9615058537272749 1.3835832628339675 0.676302733643324 1.7365965597441049 1.998062825573212 1.7777397249582325 2.5697756108708285 2.8696949094705 2.5979225888891677 3.198514120256564 2.736031665065889 2.754504507783306 4.350975891073033 3.4354125264788506 5.052557487480882 4.054937068265897 4.579455465953951 5.240628141421485 4.137833920955324 5.0470564439114565 6.6992359199774425 5.852320833707013 5.614964287061253 5.903446902005436 6.087601088175854 5.246157058740165 5.843488167611995 6.740756427425879 6.67016003411864 5.096025071211496 5.189705093432635 5.875423333017842 5.677328980270103 7.805134329685995 7.0181127763817575 6.547849604565828 7.409896401061554 7.886450303107759 7.559160638856758 10.673944555303693 7.924339246310296 7.220014146309266 7.0788985876734705 7.5236389071265055 9.408993303108684 9.925172743214032 9.901432706555266 7.006439480475594 9.705481912103362 11.583335611642068 9.110618780167712 10.208198189540374 7.326150894922591 
0.5243120129151396 0.6732445277879613 0.7122692567600006 0.0 1.3209011756205662 1.3521424559150854 1.1174686765248214 1.4015989054357871 2.539371342844963 1.8152089392434652 2.4328666578165197 2.730664036972656 2.6012910187415996 2.908189064073917 3.0565135620726944 2.956836188175092 3.0894982077272117 2.8072549517462666 2.9444755940316814 3.0893759258752205 3.908655427866607 4.040663967353778 4.79243969094212 4.447241757281738 4.322883420671623 4.440121186685943 4.535759197777946 4.567619964542519 4.285843511813985 3.850259974084326 3.796347178634755 3.7721892451276546 4.328242976876566 3.552549575024927 3.8785140551123365 3.566417787450374 3.8952380837342244 3.4462021696579734 3.0143580747175776 2.7661399494161674 2.062812646687566 2.462519476469021 1.9745596376693544 1.986183418077508 2.6032223014866944 2.124445707372272 2.231863662790957 1.642959014957618 1.6299738834276294 0.5902329589450125 0.9630536726251658 8.565647348715856 8.976608934034415 9.00028758397775 8.54313415771987 8.576094344155056 6.669345438234239 9.414927635693058 6.511523552826815 7.541606559047061 8.66590137520177 6.54723749783949 6.564772245322271 6.072613953635926 5.30136240244014 6.511476856953806 5.170026272622889 5.474649685564038 5.818672625809311 5.532297795042326 5.295620359990606 6.319739798013543 7.252238578354305 5.38535470987252 5.3082281668398394 5.650782926418005 5.7556533265150405 5.074451000252414 4.993714238792725 4.341761332553564 6.568121172173823 3.7619856025061784 5.128689667094526 4.188423209415719 2.6780506653038683 2.529780482690593 2.301647687503734 2.7862979440568396 2.1889170440987153 2.6277929448121715 2.5561579044903784 1.9982378574732578 1.8946353645922325 1.8717638647655417 2.1382857291094304 1.3487217852753128 1.9634105219994524 1.7847149818489654 1.0446770155903597 0.47527320602386075 0.8287727217100641 0.3487284116226086 1.0757291796369988 1.5405718184886859 1.259870936781702 1.9825610396136453 2.3353980575597864 1.957854694323314 2.6751129558785327 2.3573572896997312 2.2622218845604296 3.8094775517818094 2.911029700419663 4.470996058108666 3.511052806191138 4.028030790032206 4.697532359042709 3.6512572522666717 4.493767529116015 6.091316357053047 5.285584539897596 5.08181993765938 5.399346588849233 5.527865878238405 4.75779008684795 5.31092516407706 6.203752938134628 6.156097856687006 4.726271279931498 4.75942806813092 5.46620919361537 5.2452389999665465 7.2612014050281 6.5062560287665105 6.081559665240721 6.915489766138725 7.335560991733261 7.096214686238496 10.266543343669468 7.435007035535649 6.734675722866376 6.665417382089211 7.093920757887153 8.856118694069659 9.371083596124123 9.344623668948977 6.58187601514775 9.173064396874764 11.598579529850992 8.612140852051407 9.649485546157598 6.931970268310386 
0.7912761078507781 1.742550021604985 0.977916931023035 1.3209011756205662 0.0 1.0230054297446607 0.5646257728340268 0.9677954633407563 2.123972343073065 1.4281081024938436 2.0575864431096837 2.4171047009707283 2.334801720488797 2.551967962405229 2.948107799257424 2.7796220455530163 2.8782808740653105 2.6934278900747874 2.9279785893601793 3.114080223024629 3.8893778125301 4.104286120418663 4.970629856146693 4.5571492454903355 4.467722948467835 4.667871943511009 4.751443184171613 4.783927039704957 4.580893221109882 4.132171295267599 4.097120684989163 4.146584400201793 4.901549869970602 3.960857337068496 4.333520289908715 4.068966240830447 4.478065535646352 4.008555071168146 3.5258121908247486 3.2597018882150217 2.5149814222299622 2.9603314185060796 2.690698686428579 2.587405899284555 3.3126413372991674 3.002581812486978 3.049625568624776 2.3506002925570066 2.6423356889557628 1.3224993592557288 1.7911587278415364 8.497631994743006 8.8527919646922 8.865147834619618 8.42595556177988 8.417927679360043 6.491090432382513 9.24493671223341 6.346207823051733 7.343497961960426 8.45234025337422 6.359113681974969 6.296707496145569 5.7957610595990126 5.0463924797613 6.234078929740631 4.906620135947567 5.19710154715248 5.387343011295509 5.174441713495868 4.908778531045962 5.852055434186863 6.67704271814749 5.00931687834606 4.800829010604199 5.147329389070281 5.192539372461592 4.562493243327676 4.371783718544991 3.793802191417184 5.8143454200803175 3.305273286352902 4.490277589674645 3.6103536497157593 2.1772157743918252 2.0462926757367583 1.8108805553248362 2.1436023576221674 1.6582160771284893 1.8591770007741582 1.708312673288266 1.2936082806695006 1.0 1.1998621670591654 1.2429727620968085 0.2707068409791422 0.9309432447472227 0.7095179765243679 1.1319568637083648 0.8305741408843789 1.504275580024685 0.7687866121214244 1.9506473456043294 2.489748200929956 2.203352100326376 2.7701996403699827 2.993807095310984 2.8511281414361647 3.4750097237672963 2.977589017026215 3.0628598708867316 4.535399954817802 3.569846703157711 5.176599475123776 4.263939000040011 4.689046291724726 5.342422603403713 4.183450729144727 5.218947150554481 6.776790445780666 5.954892980846257 5.600679183698835 5.917499340773472 6.107623619178084 5.205688267019817 5.830051970763686 6.6732626150474585 6.5478052740946 5.044107651975815 5.075003784255584 5.801615287113807 5.592280517801867 7.552663048985486 6.798996345381474 6.335749882735333 7.220669283756531 7.692440356687654 7.304962907853355 10.663678491671252 7.6707266266837655 6.9444490132841885 6.823181377953947 7.2313714048082245 8.962338864941355 9.4643155306566 9.4394993802756 6.6532297346226 9.224622919956616 11.645890413671282 8.579433111995987 9.672086968288143 6.860875935641104 
1.3720622849490172 1.6611120640228692 1.0 1.3521424559150854 1.0230054297446607 0.0 0.6615425116278858 0.20936020051326243 0.5227070631490517 0.24623724280581252 0.5635335551389118 1.1052313450740314 0.9034238400996626 1.0354083172704045 1.6641565989721752 1.2735641829994646 1.7618984027627622 1.9137556476434208 1.969167673863687 2.073728926826941 2.436272359370679 2.8430164901098793 2.9300241426061606 2.8566562424819684 2.906807012679683 2.962331899662582 3.3876363077941076 3.548189446243178 3.190411264359006 3.6925370689669976 3.651430617648465 3.8832807076333737 3.4199375981887674 3.366197138047361 3.8513186584573242 3.4297084807945373 3.355939869408322 3.3892910064847404 3.233705488995193 3.4203954466444224 2.842534120646392 3.210469062284944 2.5557905635324216 2.960694552518099 3.0473527849808217 2.5320975673149344 2.6611535636362187 2.2820046994049523 2.1420395900307616 1.4115094148702552 1.8491045836951654 7.132295724776247 6.841932044662068 7.024258542588237 6.532359309095517 7.022948122261859 6.152152671934002 6.819269681344254 6.133515997598945 6.511853591471132 6.5205191847919615 6.120665206289495 6.247625770042726 5.579377396071537 5.774683440227673 5.858208101680342 5.560481716681863 5.780511724442288 5.045043447335927 4.895759154522699 5.154656057263144 4.89700271508106 4.812816481969361 4.832037525882821 4.227458478056543 4.260192199481214 4.212004245653832 3.9264994746957473 3.612092694534567 3.6093353407024082 3.779022106422972 3.407951538393326 3.604707602044817 3.2215372357078014 2.4995873927490666 2.4660129802216133 2.0769270129990365 2.08711290539616 1.909072580865937 1.6623370189290663 1.4683829916636448 1.5625916584266615 1.291454751312062 1.5512604298208807 1.3573621567987864 1.055714399380574 1.3000369569649284 1.1009234121265925 1.943075717033695 1.369047618957451 1.644462982244113 1.2457137123327109 1.9511325294321757 2.170346653457803 2.0379302149200162 2.554121850961721 2.9452086646128426 2.42437515596993 3.025871213945047 3.288771642720259 2.7951027368181185 3.806473454629204 3.3500729014897366 4.130991739064084 3.57551860465504 4.004862745073948 4.4922170933743795 4.137883073929628 4.204273933570075 5.031740618844918 4.738999896855661 4.944236975140765 5.355680149978444 5.0418810223934605 5.042062749251457 5.108587879959307 5.7392081030300774 5.908266672156655 6.006815450134313 5.551728667528267 6.43771366271065 5.972810970563771 6.326193551170467 6.11001139228139 6.216185171841538 6.63278232590098 6.390595482048465 6.994548760910834 6.618440667072401 6.979567505733106 6.4182637748864755 7.200506740820233 7.247550367391734 6.830334096824696 7.106622654401619 7.063927676655846 6.595672391829475 7.0650590376559785 6.915836404180792 6.701918767882713 6.951050296264803 6.524224814789251 
1.0798017169080953 1.6338767586354719 0.7189032676504258 1.1174686765248214 0.5646257728340268 0.6615425116278858 0.0 0.5538007049023191 1.6253724349598557 1.0255614574586738 1.583523891036842 2.0021686262901093 1.87707580610641 2.1014607560794007 2.527917264451079 2.3147655052240697 2.4911818664995553 2.3975681196337977 2.5569747761355175 2.7369534887071696 3.466892866737904 3.716763840978251 4.53128892322994 4.134942898300222 4.066851260436395 4.273813760740661 4.394026942002433 4.439646866095746 4.242235255967078 3.8867657461912923 3.8514144964962864 3.953132019748684 4.684406550724986 3.7495883258208207 4.162217164805665 3.9058119687572974 4.3061544467145385 3.8865492443091636 3.4090169953250653 3.2128122475526415 2.5497519920292104 2.949788850140829 2.759121283557314 2.6812765261010347 3.3770104667669036 3.0973056141671855 3.186605643077813 2.4053856260838353 2.438250478846091 1.3717619654663225 1.8312872250099765 8.994975312308902 9.38604006336294 9.379169914690307 8.963838994452384 8.898046925700735 6.913270583659399 9.494515757998103 6.763615919609142 7.786505205177476 8.966181114723883 6.77102010588174 6.658717427458744 6.180318556876004 5.3553954748874535 6.625608232988006 5.182039741702787 5.5064365446558305 5.699789829785395 5.539678455460357 5.1828858578591674 6.21913879459143 6.774616495334752 5.352395042496851 5.1165799847741305 5.518274110324818 5.5221146475443135 4.910331386689182 4.633256127293016 4.00432973805114 5.302957475494602 3.596358348783915 4.76346452751794 3.890109889581133 2.3897995366969873 2.2269321461734384 1.9233919477001753 2.4622430918079363 1.7572908921874852 2.0554515077208926 1.8272521686914118 1.6389188025559578 1.214389481933942 1.592957786275538 1.3898704913272029 0.6699902746646743 1.0905859533594247 0.8753525891983807 1.5822233167531026 1.0790414919597626 1.4971481262254351 0.913483992311849 2.010679880574215 2.458130769093741 2.2177589286308037 2.9289990162021753 3.397992772478779 2.7409736728792944 3.6786154844179713 3.239587652927229 3.3455784885334814 4.826964326040852 3.9706358681859846 5.295121888672406 4.485350827065067 5.101858606443889 5.776727319231202 4.580064588491898 5.423588287243393 6.6430964800880385 6.209208149304842 6.054107478395876 6.341692559425446 6.5763678667818875 5.627574810375486 6.283451152375057 7.144430010477158 7.0122799528372495 5.370450256766377 5.466147202810813 6.16670951021322 5.978722644281947 8.073225457548105 7.28442580360066 6.780957641053801 7.684578752906854 8.205291712548384 7.757197989264449 9.010310330410036 8.145253141357028 7.420836919032262 7.233671116651966 7.664081428606764 9.380126284840257 9.803468557097823 9.73835411095429 7.096492229172238 9.755679231335757 9.535598323909639 9.12706795782573 9.595508710529387 7.304907436440072 
1.3965960624112816 1.7842836674932778 1.0139178695786961 1.4015989054357871 0.9677954633407563 0.20936020051326243 0.5538007049023191 0.0 0.8585946629862623 0.49653974770299975 0.909375101786139 1.4891249068109367 1.311999187732103 1.4626564383705325 2.12159379736269 1.7416758682851392 2.048318404438257 2.0788208745084895 2.23955608943127 2.4370058697284915 3.0913297035635363 3.4097964558095124 3.645693696396026 3.572607950367904 3.622388654706356 3.667305972249189 4.172937609831709 4.239526577062851 3.9135962885483933 3.805557522191857 3.781633711389592 3.9619036979256546 4.094519590712255 3.7703481486387127 4.230141236267009 4.012948938566311 3.9987034868267126 4.018521058243927 3.5644520067506176 3.4096823791213664 2.793939176662757 3.180047944111985 2.9208783559925586 3.052510144894636 3.51277972222944 2.8611128111073625 3.025529684363266 2.595656813275343 2.378422485158927 1.525224165880718 1.976277114123966 8.171299187114643 7.830965596486146 8.0471626696702 7.465043612967633 8.047806637900724 7.022574422043406 7.80660907344777 6.999603085892145 7.448495560948124 7.457515492669819 6.986673945320502 6.957696052164002 6.357903489522842 5.605160150142527 6.687148562912974 5.392431363011999 5.7495578259585765 5.7560885516411275 5.56071928030713 5.359738688051265 5.575794235134027 5.4830953455196845 5.490605389580156 4.795863225625329 4.8241775090132295 4.781596419134754 4.432701152022723 4.091036410142069 4.08604946427574 4.277287346223514 3.79841888501504 4.080972555924331 3.615228433733462 2.5212912074924163 2.326354443014334 1.9502993756011602 2.2517126410047306 1.775330599282604 1.7710320111933473 1.5362629395082963 1.6063019241257304 1.2829203442608494 1.5903951373785579 1.3678980775981782 1.0 1.2869023518306981 1.053595221968915 2.0534878499249274 1.3956974790442656 1.7219526115080908 1.2600287627572608 2.1071182181663484 2.405144026717209 2.2357754269823173 2.8225355839405935 3.277814948340039 2.6722992126751004 3.3935072378734676 3.712263433954749 3.1262947852531195 4.303452205368853 3.757929608319067 4.677069799945186 4.0337316627811495 4.527033369340233 5.101544119838449 4.676174640054573 4.77113884158968 5.7336711906380105 5.392357156115462 5.61875350897169 6.108209893960548 5.738563552607357 5.730197076848512 5.8127523938559245 6.549584948922308 6.741866012464774 5.824131091220333 5.987126451240771 6.666605720163712 6.505498593118875 7.223825994862615 6.9702795309414896 7.094437094921182 7.5887719759329935 7.304574119716525 8.00933136514583 7.568839894833519 7.992573524478123 7.3291220834132424 7.71734713531905 8.164080828453233 7.811703466275278 8.137618328208442 8.087248114058252 7.534796040736309 8.08872434819249 7.912801911750497 7.661788889671575 7.9545720427222 7.454000844226035 
2.595622042087552 2.934919576486574 2.030911508950041 2.539371342844963 2.123972343073065 0.5227070631490517 1.6253724349598557 0.8585946629862623 0.0 0.34160682726885755 0.07439173881297956 0.6625726278352729 0.5459140416836246 0.6356534233090623 1.4320482780438228 1.0715920743503684 1.3079223684798544 1.5305996162997044 1.6856270529259108 1.9061730052882164 2.41496041802398 2.8301425320170543 3.6599091723348804 3.222702926120574 3.250405243010833 3.57925662756404 3.733418201775623 3.8009405119925543 3.747348667174024 3.564160176010609 3.5583442914319976 3.855169073902361 4.773392051953245 3.689004138367495 4.206792985747328 4.057724981617342 4.532027566993829 4.2020927501592675 3.6987580743346276 3.6111212173274105 3.0884510254480175 3.440280972190327 3.7381880618357037 3.535377585076476 4.282999779998422 4.031973170921026 4.18279285416917 3.3944635152534897 3.544454101022872 2.544113887132216 3.231408103273112 10.441315924146556 10.052809906442505 10.29737794048202 9.63145750302481 10.261337064665458 8.107689741749324 10.009206789898714 7.948171566311173 9.032016342480823 9.582823210137724 7.932348154615326 7.647253954199765 7.243749328478658 6.198452673202447 7.704605014428942 5.921218979951789 6.344436950028974 6.527582709051848 6.542600537430515 5.904293514467636 7.205143686621773 7.089049362988894 6.288171287838987 5.972643116898444 6.356446070336504 6.243070079568069 5.876144546959992 5.354542137512981 4.580980483017105 5.630928387316663 4.430582177327327 5.363874417440818 4.701246963610936 3.0748153276491506 2.820393981648415 2.3502514689922047 3.4231839629251937 2.2053148042890864 2.7919601154324742 2.5497268449630597 2.7979384231245197 2.4420658780762023 2.7920134027383057 2.5067783864689486 2.1639756605579175 2.4867022548692805 2.2018980437559383 3.032766539292342 2.5893201500555603 2.965366481070982 2.411746456839557 3.357323010679169 3.5945453577608757 3.436425832475085 4.175909057421504 4.720699045942709 3.994125896549038 4.797987788746964 4.470710556013131 4.473788382259784 5.88590979324276 5.271785890028144 6.346261375787425 5.564683239211951 6.175184857817565 6.844671469259874 6.07055234580137 6.434177401084172 7.59228973258392 7.1839273529146785 7.4894723973904975 7.887978266961286 7.6170069451532045 7.121247498436682 7.715057687133549 8.590688775004796 8.588080848002507 6.503313418423972 6.785705180478367 7.420853586193293 7.302537067790597 9.411359164028216 8.863635878487855 8.22130407963867 9.206280655231351 9.49853620838058 9.192338901175725 9.812960794911058 9.659754633990119 8.929230701167825 8.519951814950506 9.005873753035976 10.088189210746213 10.465258417996468 10.406862912048513 8.441773464549945 10.401464211468895 10.194013786082639 9.885968873870727 10.239274062527066 8.596611498162675 
1.8352366699449658 2.16320746008763 1.4118318157114937 1.8152089392434652 1.4281081024938436 0.24623724280581252 1.0255614574586738 0.49653974770299975 0.34160682726885755 0.0 0.3986881438383824 1.0 0.8248530330569239 0.9161217032742685 1.731603006926496 1.2785448441035099 1.6200453681167948 1.7660111183643 1.9368861266491604 2.1510312109922918 2.627394484978373 3.100544658907526 3.263367786914383 3.155470951516909 3.2298033604594623 3.3277114321833996 3.802237634916985 3.984374120242314 3.6202289853258978 3.702684132273563 3.690531075281264 3.9417416632207756 3.991251597909267 3.767109166464587 4.263487867722813 4.014844517513833 3.939960718056743 3.996808739884728 3.6885200674785836 3.569080481397893 3.0003477738313618 3.3718778497917126 3.1424018983079955 3.3759072795653107 3.6917533052657676 3.132907431634424 3.2729460437558404 2.833744639665296 2.700531426568852 1.8698224667853038 2.3798985242741537 8.310347941605972 7.97175226711997 8.174983006171479 7.622779955513973 8.166485208633958 7.17162168103663 7.938006355008113 7.153262004082027 7.575743365921827 7.588862502016973 7.132451430778398 7.246755899667892 6.4943775339916465 5.92004387675166 6.810200330394931 5.668597977427646 6.062735887993031 5.834113774777412 5.699487468036719 5.631495484733579 5.675890803698486 5.569112519355154 5.61758114151576 4.899983773039778 4.954416954160597 4.876061876163375 4.5724463966671065 4.170220441166641 4.157755321502032 4.375337273718931 3.987349561124852 4.163861010450456 3.7510953645420853 2.793149427493968 2.5635881641433156 2.127134517757213 2.511055922457793 1.9654714031610119 2.0007320748114337 1.7928083134334363 1.9734685388008935 1.6774345112497706 1.96747230216789 1.733718731115644 1.4533620281575703 1.7151290804179824 1.4786479816548386 2.4730994047781154 1.8325736371472428 2.145857269226708 1.6941353393939655 2.495437379769734 2.7350734487513493 2.58900202453764 3.179708464822934 3.624545656466998 3.0319562824316217 3.7124602801032776 4.008461142576037 3.449105929951086 4.6013280455417815 4.0840962281395 4.971255689590614 4.338504821714858 4.828124004901022 5.381688617791301 4.979567575541262 5.053398728881173 5.994764594505714 5.6620095119428075 5.894869055787237 6.3626176627555795 6.006230569822187 6.005268864471488 6.081559867389339 6.796309852033146 6.985355068016968 6.2429213425995735 6.4747786280865665 7.13020749019914 6.994790427858183 7.449817375818595 7.206375680686752 7.325464630467597 7.802146139631514 7.528613448739146 8.203235480340876 7.782063885516809 8.188211461753019 7.548021979088574 8.19286811832158 8.48102178740628 7.997718402219104 8.309053016185718 8.260815791513757 7.729707812412958 8.25591030896468 8.084408303133015 7.830435986375447 8.12185112959515 7.6193838164785035 
2.4950496430495672 2.799280566346464 1.948780007247906 2.4328666578165197 2.0575864431096837 0.5635335551389118 1.583523891036842 0.909375101786139 0.07439173881297956 0.3986881438383824 0.0 0.6160046161832176 0.4757970175313806 0.5892401824278901 1.3667678431859343 1.0 1.2556820344241575 1.4884623251134248 1.6266823384163067 1.8457630940304632 2.3475198121813667 2.7660768079175293 3.3897462282537685 3.152018882071335 3.182470919517679 3.496833336676944 3.6701720138982212 3.739499115910938 3.686510406664076 3.517133878659673 3.511241062823861 3.8143329350631854 4.462937757859704 3.6467943573398736 4.167868808714848 4.021201358603932 4.442411284567027 4.1710960019563235 3.670666003092262 3.592119069600354 3.082351641246667 3.4270364267696003 3.7386844580228735 3.5368436872824343 4.278187586689274 3.8164766029687827 3.9548195818079153 3.3969914782165027 3.3644925345602914 2.4226330756007073 3.0878276384750216 9.947892628565372 9.560147145617991 9.791586651353887 9.16192811536017 9.78025675347489 8.174513561008533 9.52001176677325 8.013553400346806 9.1024349750831 9.118505108695128 7.99839766960075 7.7120518756961935 7.311469595583823 6.2552237369424395 7.773522470805037 5.974433988842139 6.402813120955202 6.596985578410223 6.612777600133635 5.9658801035095 6.897622177620619 6.767579168353883 6.356913116477376 6.00107904496719 6.075750027153751 5.968823125987306 5.638015324518556 5.143908646404028 4.647943377530004 5.390801707400135 4.4976573374077775 5.1384439139045295 4.686708571348214 3.1365473991118695 2.8780984760210355 2.4038453147043835 3.3049938643904357 2.2619115321964074 2.7098715174380965 2.480576323024353 2.70928284295728 2.3713766028906735 2.7027730068097546 2.434939642933257 2.099655926972602 2.4084963561507946 2.141538057980369 3.0815060420464127 2.488144187261468 2.84189187434394 2.317725640910069 3.202816694662308 3.4136222383119765 3.26886278739492 3.9726175662214405 4.488430643310666 3.800325526881452 4.55391344087576 4.4894850387458165 4.246653050461966 5.583759304163644 5.0071948802323245 6.021625834304878 5.279757154043003 5.860713701086713 6.492580150529122 6.047495218619736 6.1015849371919 7.199921324560597 6.812847959028531 7.108105554178622 7.634132364883955 7.226352355849099 7.159523153664947 7.320974099629929 8.151026351049975 8.381684184374052 6.533517243948246 6.824371089955206 7.455343394029571 7.339418942986813 8.937276051677252 8.655520934580146 8.269383318178093 9.254814598255589 9.016001883655163 9.243496711008863 9.316261598687575 9.712695335327249 8.983361812874936 8.567879742373513 9.057757467111726 9.585809637461262 9.94250398648763 9.88729997155218 8.497955365261467 9.883756313865396 9.688350490311104 9.399761869951364 9.731651871678395 8.660358404487125 
2.797428572243607 3.0351716375475988 2.30051923876605 2.730664036972656 2.4171047009707283 1.1052313450740314 2.0021686262901093 1.4891249068109367 0.6625726278352729 1.0 0.6160046161832176 0.0 0.4050489005234565 0.09344012006361956 1.0306733859380144 0.6616428047755263 0.7356727231560121 1.1102443261858959 1.3824110107700625 1.6324687540019105 1.9034390911093697 2.461703516064947 2.7601554420631684 2.573614460899275 2.703568928889717 2.917134084149712 3.339871852519155 3.514357863648108 3.312059392383096 3.4602605227000516 3.476676524363526 3.8617869566270695 4.066232409542679 3.742027696383567 4.288547634551118 4.135939207674679 4.09765559199821 4.225287356470465 3.917208138540336 3.8528597813204377 3.37766903365202 3.7211639951405386 3.7822009224340514 3.9857911522582476 4.274940548444495 3.8589396152426687 3.9616832619744486 3.49416620318949 3.497091687032709 2.685686341925051 3.3058439537246853 9.284811250764756 8.93589514733852 9.133917128131122 8.590523322235315 9.115733774588579 8.113786910115909 8.891544050871932 8.099550107007683 8.510562449183942 8.528653408668447 8.069587421540886 8.133382263650633 7.395061918098843 6.696032413093646 7.708404177900196 6.368235173219049 6.8455853670353255 6.6337836621836255 6.57010153722291 6.379789183579721 6.4975094015765205 6.368031768569402 6.470520723714815 5.695498806276406 5.7850011504435725 5.658158316926914 5.400503457617706 4.9071402183526445 4.87337659352612 5.143838302387353 4.829093711885142 4.905476904275382 4.547636538560457 3.5842757356745967 3.2841950400869613 2.7549411557368604 3.4146263041534626 2.645177025610133 2.875043863941902 2.6921614550827235 2.951829440883655 2.666434270567663 2.951200676783341 2.7089755439202117 2.4511472669006884 2.7148233897334584 2.4764748583001186 3.461667291671852 2.7905004448371957 3.0985558279588585 2.638340083947136 3.398643734920691 3.546166595404629 3.4341410286122196 4.064076207387331 4.518627729037214 3.9118143573206363 4.554734182599871 4.8244232697279354 4.282619876386015 5.463165496748444 4.968260993947272 5.8553596082260535 5.195207076429737 5.716254877450622 6.268366926633878 5.887429552259899 5.916527118536414 6.891148953265351 6.548437530664062 6.823043227396314 7.27895606235056 6.921841076857322 6.943679169872074 7.009094582909224 7.741827215125595 7.949333444200035 7.050149223779787 7.427263923578413 8.02744345370803 7.94355150598072 8.440140525034042 8.193421601272448 8.314929844132944 8.78524153299397 8.508108033086765 9.19956546087595 8.771933471267138 9.182856761963336 8.5448107498719 9.163527405993936 9.480979062758681 8.996216549122359 9.306530057410553 9.258411134085913 8.727671560288515 9.250175339842306 9.07738061775268 8.814445804145137 9.11297026193341 8.593965085492174 
2.7062820423822664 2.905558519187755 2.130114614269396 2.6012910187415996 2.334801720488797 0.9034238400996626 1.87707580610641 1.311999187732103 0.5459140416836246 0.8248530330569239 0.4757970175313806 0.4050489005234565 0.0 0.42883313557104924 0.9275071740091021 0.5118512964344651 0.9026618889638703 1.197898526009567 1.2396190156325182 1.4551896933663764 1.8949872492217712 2.3430674591489598 2.777931158229081 2.6166697402020223 2.7280366161609497 2.90532884503762 3.2674651675440383 3.3474385376834817 3.2939865152672474 3.2296464718178886 3.226756956600558 3.5786732753432 4.00341998557991 3.411830667509874 3.9544593949750526 3.8340504221499807 4.0220125221061656 4.027553787040908 3.5429026476266885 3.518097200424608 3.08895260515942 3.3920854962991434 3.656452226618725 3.6122646148728297 4.1842944415049015 3.750302676608719 3.855421244551256 3.34816721214661 3.376005669560203 2.5119089909536605 3.2227524146886695 9.862530501755202 9.501801489757604 9.723199686216217 9.123211839917046 9.716323876747373 8.639021555672642 9.468540632591752 8.46871528633764 9.079460742279155 9.093315026518106 8.456732912009786 8.15563975100632 7.776531055903664 6.6431641099745375 8.24654393338424 6.336124724462766 6.800645755741841 7.064554333348345 7.0428174433950055 6.380290339461163 7.001913462345642 6.877695396036058 6.824118308212576 6.152115240235137 6.224494570301728 6.120569731704411 5.810206274669078 5.335197191339853 5.094139835392978 5.572323677307832 4.9523260142411285 5.330589985367348 4.90831462529281 3.5541269272717693 3.2671804863117595 2.7627124744987843 3.6009783466443626 2.641743839047565 3.0397527389518424 2.821686620861058 3.0175038657647386 2.690437803893743 3.0074961524768935 2.7606397706343633 2.3941255351466815 2.703399681839953 2.4605526785032854 3.4518749138426967 2.6949671958801265 3.0198604016416293 2.521511602748939 3.309431765526166 3.4326933929644543 3.32306110571024 4.015318976905705 4.508922629745516 3.84962047384216 4.527427889607769 4.680781862507014 4.231573864529687 5.513316649822984 4.988757885012934 5.945124622362817 5.222551904423348 5.796858479567752 6.391766367602463 5.990947949086798 6.002753804040071 7.06818447445989 6.693847496057863 7.011927041334255 7.496957833489979 7.111125055289542 7.148909538465085 7.212307228880623 8.015601214363569 8.255763090861466 6.7737992694232245 7.125451712542062 7.727254209396894 7.629776298322646 8.822995152114123 8.54997925274355 8.6318432644114 9.182210299531722 8.877517049851035 9.623425482260688 9.18029546534729 9.63613226945014 8.954502414062107 8.920744914565043 9.437191064749236 9.487465610597837 9.828412532335856 9.775833327188305 8.90386324113239 9.780509093289588 9.598017587679237 9.336334613079316 9.641866216778029 9.109947194658936 
2.9734670837352395 3.2473861975792206 2.4411549504587713 2.908189064073917 2.551967962405229 1.0354083172704045 2.1014607560794007 1.4626564383705325 0.6356534233090623 0.9161217032742685 0.5892401824278901 0.09344012006361956 0.42883313557104924 0.0 1.1084955551697433 0.7831467040329679 0.8210673245689886 1.175434561042485 1.447368885928355 1.6963255780833035 2.0570336902824926 2.539703297514678 3.087688089564558 2.890198569101174 3.0160425526729497 3.2513744497654193 3.548853980442879 3.616436245664274 3.6603137084789292 3.5064846894135777 3.5211242028138425 3.895441255067417 4.463552362259696 3.772410504006254 4.315498639361137 4.230267631193642 4.4897025381214455 4.44225837753368 3.9249378816921823 3.8526323293298463 3.3641001183480435 3.7136766455651657 4.093150248430809 3.9552245168795794 4.638602804510163 4.166953936923894 4.283785971076717 3.775591267615048 3.7624852994894677 2.8721211180145336 3.535340883571612 10.035426257485325 9.6537545767965 9.869582584874262 9.27702799003176 9.84926813210834 8.666141321862932 9.60474808962667 8.500373529667288 9.188230113219456 9.208116173173114 8.477512306865956 8.127913708047545 7.760130713127007 6.6135611232881875 8.22748341624425 6.291718849061781 6.76121328819922 6.971466549065856 7.048532060553245 6.292808233254525 6.991232029307807 6.850422274593395 6.768644619335519 6.116303272192515 6.2132435131717285 6.075894101966239 5.7935475378457415 5.257295996840131 4.9586980028165675 5.5147558392640885 4.892149169862527 5.255325809341246 4.863094663592251 3.4958136486192015 3.2018361126954993 2.678949812892744 3.6254570481958943 2.5645849211885166 3.0363045144820417 2.836931658629379 3.12378533708503 2.813859832953786 3.1237520772648657 2.8584961050792743 2.5858498824355625 2.87037200120358 2.608943402438797 3.6633586644726326 2.9666947657105984 3.304264010638041 2.8027668402780113 3.6403048648523297 3.8142995045255423 3.6873247446898123 4.370311028080245 4.865431387461828 4.204600216415988 4.912489633916894 5.0208709235256 4.6163646449467235 5.902030032456675 5.358105658310571 6.326965217350287 5.610106394307153 6.174420052454109 6.777572717321053 6.358146164809451 6.396980834798984 7.456042963644145 7.083441110819662 7.376194148330957 7.876084648863666 7.4863039972248675 7.505992213992336 7.579444193293822 8.375978088465057 8.598560800626503 6.991571508958583 7.355536021297449 7.961583868695144 7.873516069783332 9.126980750330722 8.85881538611706 8.846788614557507 9.506104143047308 9.20463058765085 9.818299388213648 9.489332465194662 9.93591153760569 9.238307075627333 9.08298091403528 9.595201036920928 9.725385696025311 10.063524464276803 10.011060155361902 9.038044028518636 10.00080354061949 9.81183289895241 9.523125971907216 9.85023381446248 9.184149669301027 
